CS 5V81.012 : Implementation of Data Structures and Algorithms
Optional Project 1 - Group 3

****************************************************************************************************************
Note: Timer.java and SinglyLinkedList.java needs to be compiled because most of the programs use it
so compile :  javac Timer.java, javac SinglyLinkedList.java
   run :      java Timer.java, java SinglyLinkedList.java

****************************************************************************************************************
1. MergeSort and PriorityQueue comparison

compile : 	javac MergeSort.java, javac PriorityQueue.java, javac Timer.java
run : 		java MergeSort, java PriorityQueue, java Timer.java

input:		1 million numbers from 1000000 to 1 in descending order

Output:		Sorted list:
		1 2 3 ... 1000000
		Same output for both the sorting

Explanation:	Merge sort takes 415 milliseconds.
		Priority Queue sort takes 207 milliseconds.

****************************************************************************************************************
2. Set Operations

compile :	javac SetOperation.java 
run : 		java SetOperation

input:		First list : 2 * i 
		Second list : 3 * i
		where i = 1 to 1000

output:		Result of Intersection
0 6 12 18 24 30 36 42 48 54 60 66 72 78 84 90 96 102 108 114 120 126 132 138 144 150 156 162 168 174 180 186 192 198 204 210 216 222 228 234 240 246 252 258 264 270 276 282 288 294 300 306 312 318 324 330 336 342 348 354 360 366 372 378 384 390 396 402 408 414 420 426 432 438 444 450 456 462 468 474 480 486 492 498 504 510 516 522 528 534 540 546 552 558 564 570 576 582 588 594 600 606 612 618 624 630 636 642 648 654 660 666 672 678 684 690 696 702 708 714 720 726 732 738 744 750 756 762 768 774 780 786 792 798 804 810 816 822 828 834 840 846 852 858 864 870 876 882 888 894 900 906 912 918 924 930 936 942 948 954 960 966 972 978 984 990 996 1002 1008 1014 1020 1026 1032 1038 1044 1050 1056 1062 1068 1074 1080 1086 1092 1098 1104 1110 1116 1122 1128 1134 1140 1146 1152 1158 1164 1170 1176 1182 1188 1194 1200 1206 1212 1218 1224 1230 1236 1242 1248 1254 1260 1266 1272 1278 1284 1290 1296 1302 1308 1314 1320 1326 1332 1338 1344 1350 1356 1362 1368 1374 1380 1386 1392 1398 1404 1410 1416 1422 1428 1434 1440 1446 1452 1458 1464 1470 1476 1482 1488 1494 1500 1506 1512 1518 1524 1530 1536 1542 1548 1554 1560 1566 1572 1578 1584 1590 1596 1602 1608 1614 1620 1626 1632 1638 1644 1650 1656 1662 1668 1674 1680 1686 1692 1698 1704 1710 1716 1722 1728 1734 1740 1746 1752 1758 1764 1770 1776 1782 1788 1794 1800 1806 1812 1818 1824 1830 1836 1842 1848 1854 1860 1866 1872 1878 1884 1890 1896 1902 1908 1914 1920 1926 1932 1938 1944 1950 1956 1962 1968 1974 1980 1986 1992 1998 

Result of set difference
2 4 8 10 14 16 20 22 26 28 32 34 38 40 44 46 50 52 56 58 62 64 68 70 74 76 80 82 86 88 92 94 98 100 104 106 110 112 116 118 122 124 128 130 134 136 140 142 146 148 152 154 158 160 164 166 170 172 176 178 182 184 188 190 194 196 200 202 206 208 212 214 218 220 224 226 230 232 236 238 242 244 248 250 254 256 260 262 266 268 272 274 278 280 284 286 290 292 296 298 302 304 308 310 314 316 320 322 326 328 332 334 338 340 344 346 350 352 356 358 362 364 368 370 374 376 380 382 386 388 392 394 398 400 404 406 410 412 416 418 422 424 428 430 434 436 440 442 446 448 452 454 458 460 464 466 470 472 476 478 482 484 488 490 494 496 500 502 506 508 512 514 518 520 524 526 530 532 536 538 542 544 548 550 554 556 560 562 566 568 572 574 578 580 584 586 590 592 596 598 602 604 608 610 614 616 620 622 626 628 632 634 638 640 644 646 650 652 656 658 662 664 668 670 674 676 680 682 686 688 692 694 698 700 704 706 710 712 716 718 722 724 728 730 734 736 740 742 746 748 752 754 758 760 764 766 770 772 776 778 782 784 788 790 794 796 800 802 806 808 812 814 818 820 824 826 830 832 836 838 842 844 848 850 854 856 860 862 866 868 872 874 878 880 884 886 890 892 896 898 902 904 908 910 914 916 920 922 926 928 932 934 938 940 944 946 950 952 956 958 962 964 968 970 974 976 980 982 986 988 992 994 998 1000 1004 1006 1010 1012 1016 1018 1022 1024 1028 1030 1034 1036 1040 1042 1046 1048 1052 1054 1058 1060 1064 1066 1070 1072 1076 1078 1082 1084 1088 1090 1094 1096 1100 1102 1106 1108 1112 1114 1118 1120 1124 1126 1130 1132 1136 1138 1142 1144 1148 1150 1154 1156 1160 1162 1166 1168 1172 1174 1178 1180 1184 1186 1190 1192 1196 1198 1202 1204 1208 1210 1214 1216 1220 1222 1226 1228 1232 1234 1238 1240 1244 1246 1250 1252 1256 1258 1262 1264 1268 1270 1274 1276 1280 1282 1286 1288 1292 1294 1298 1300 1304 1306 1310 1312 1316 1318 1322 1324 1328 1330 1334 1336 1340 1342 1346 1348 1352 1354 1358 1360 1364 1366 1370 1372 1376 1378 1382 1384 1388 1390 1394 1396 1400 1402 1406 1408 1412 1414 1418 1420 1424 1426 1430 1432 1436 1438 1442 1444 1448 1450 1454 1456 1460 1462 1466 1468 1472 1474 1478 1480 1484 1486 1490 1492 1496 1498 1502 1504 1508 1510 1514 1516 1520 1522 1526 1528 1532 1534 1538 1540 1544 1546 1550 1552 1556 1558 1562 1564 1568 1570 1574 1576 1580 1582 1586 1588 1592 1594 1598 1600 1604 1606 1610 1612 1616 1618 1622 1624 1628 1630 1634 1636 1640 1642 1646 1648 1652 1654 1658 1660 1664 1666 1670 1672 1676 1678 1682 1684 1688 1690 1694 1696 1700 1702 1706 1708 1712 1714 1718 1720 1724 1726 1730 1732 1736 1738 1742 1744 1748 1750 1754 1756 1760 1762 1766 1768 1772 1774 1778 1780 1784 1786 1790 1792 1796 1798 1802 1804 1808 1810 1814 1816 1820 1822 1826 1828 1832 1834 1838 1840 1844 1846 1850 1852 1856 1858 1862 1864 1868 1870 1874 1876 1880 1882 1886 1888 1892 1894 1898 1900 1904 1906 1910 1912 1916 1918 1922 1924 1928 1930 1934 1936 1940 1942 1946 1948 1952 1954 1958 1960 1964 1966 1970 1972 1976 1978 1982 1984 1988 1990 1994 1996 

Result of Union
0 2 3 4 6 8 9 10 12 14 15 16 18 20 21 22 24 26 27 28 30 32 33 34 36 38 39 40 42 44 45 46 48 50 51 52 54 56 57 58 60 62 63 64 66 68 69 70 72 74 75 76 78 80 81 82 84 86 87 88 90 92 93 94 96 98 99 100 102 104 105 106 108 110 111 112 114 116 117 118 120 122 123 124 126 128 129 130 132 134 135 136 138 140 141 142 144 146 147 148 150 152 153 154 156 158 159 160 162 164 165 166 168 170 171 172 174 176 177 178 180 182 183 184 186 188 189 190 192 194 195 196 198 200 201 202 204 206 207 208 210 212 213 214 216 218 219 220 222 224 225 226 228 230 231 232 234 236 237 238 240 242 243 244 246 248 249 250 252 254 255 256 258 260 261 262 264 266 267 268 270 272 273 274 276 278 279 280 282 284 285 286 288 290 291 292 294 296 297 298 300 302 303 304 306 308 309 310 312 314 315 316 318 320 321 322 324 326 327 328 330 332 333 334 336 338 339 340 342 344 345 346 348 350 351 352 354 356 357 358 360 362 363 364 366 368 369 370 372 374 375 376 378 380 381 382 384 386 387 388 390 392 393 394 396 398 399 400 402 404 405 406 408 410 411 412 414 416 417 418 420 422 423 424 426 428 429 430 432 434 435 436 438 440 441 442 444 446 447 448 450 452 453 454 456 458 459 460 462 464 465 466 468 470 471 472 474 476 477 478 480 482 483 484 486 488 489 490 492 494 495 496 498 500 501 502 504 506 507 508 510 512 513 514 516 518 519 520 522 524 525 526 528 530 531 532 534 536 537 538 540 542 543 544 546 548 549 550 552 554 555 556 558 560 561 562 564 566 567 568 570 572 573 574 576 578 579 580 582 584 585 586 588 590 591 592 594 596 597 598 600 602 603 604 606 608 609 610 612 614 615 616 618 620 621 622 624 626 627 628 630 632 633 634 636 638 639 640 642 644 645 646 648 650 651 652 654 656 657 658 660 662 663 664 666 668 669 670 672 674 675 676 678 680 681 682 684 686 687 688 690 692 693 694 696 698 699 700 702 704 705 706 708 710 711 712 714 716 717 718 720 722 723 724 726 728 729 730 732 734 735 736 738 740 741 742 744 746 747 748 750 752 753 754 756 758 759 760 762 764 765 766 768 770 771 772 774 776 777 778 780 782 783 784 786 788 789 790 792 794 795 796 798 800 801 802 804 806 807 808 810 812 813 814 816 818 819 820 822 824 825 826 828 830 831 832 834 836 837 838 840 842 843 844 846 848 849 850 852 854 855 856 858 860 861 862 864 866 867 868 870 872 873 874 876 878 879 880 882 884 885 886 888 890 891 892 894 896 897 898 900 902 903 904 906 908 909 910 912 914 915 916 918 920 921 922 924 926 927 928 930 932 933 934 936 938 939 940 942 944 945 946 948 950 951 952 954 956 957 958 960 962 963 964 966 968 969 970 972 974 975 976 978 980 981 982 984 986 987 988 990 992 993 994 996 998 999 1000 1002 1004 1005 1006 1008 1010 1011 1012 1014 1016 1017 1018 1020 1022 1023 1024 1026 1028 1029 1030 1032 1034 1035 1036 1038 1040 1041 1042 1044 1046 1047 1048 1050 1052 1053 1054 1056 1058 1059 1060 1062 1064 1065 1066 1068 1070 1071 1072 1074 1076 1077 1078 1080 1082 1083 1084 1086 1088 1089 1090 1092 1094 1095 1096 1098 1100 1101 1102 1104 1106 1107 1108 1110 1112 1113 1114 1116 1118 1119 1120 1122 1124 1125 1126 1128 1130 1131 1132 1134 1136 1137 1138 1140 1142 1143 1144 1146 1148 1149 1150 1152 1154 1155 1156 1158 1160 1161 1162 1164 1166 1167 1168 1170 1172 1173 1174 1176 1178 1179 1180 1182 1184 1185 1186 1188 1190 1191 1192 1194 1196 1197 1198 1200 1202 1203 1204 1206 1208 1209 1210 1212 1214 1215 1216 1218 1220 1221 1222 1224 1226 1227 1228 1230 1232 1233 1234 1236 1238 1239 1240 1242 1244 1245 1246 1248 1250 1251 1252 1254 1256 1257 1258 1260 1262 1263 1264 1266 1268 1269 1270 1272 1274 1275 1276 1278 1280 1281 1282 1284 1286 1287 1288 1290 1292 1293 1294 1296 1298 1299 1300 1302 1304 1305 1306 1308 1310 1311 1312 1314 1316 1317 1318 1320 1322 1323 1324 1326 1328 1329 1330 1332 1334 1335 1336 1338 1340 1341 1342 1344 1346 1347 1348 1350 1352 1353 1354 1356 1358 1359 1360 1362 1364 1365 1366 1368 1370 1371 1372 1374 1376 1377 1378 1380 1382 1383 1384 1386 1388 1389 1390 1392 1394 1395 1396 1398 1400 1401 1402 1404 1406 1407 1408 1410 1412 1413 1414 1416 1418 1419 1420 1422 1424 1425 1426 1428 1430 1431 1432 1434 1436 1437 1438 1440 1442 1443 1444 1446 1448 1449 1450 1452 1454 1455 1456 1458 1460 1461 1462 1464 1466 1467 1468 1470 1472 1473 1474 1476 1478 1479 1480 1482 1484 1485 1486 1488 1490 1491 1492 1494 1496 1497 1498 1500 1502 1503 1504 1506 1508 1509 1510 1512 1514 1515 1516 1518 1520 1521 1522 1524 1526 1527 1528 1530 1532 1533 1534 1536 1538 1539 1540 1542 1544 1545 1546 1548 1550 1551 1552 1554 1556 1557 1558 1560 1562 1563 1564 1566 1568 1569 1570 1572 1574 1575 1576 1578 1580 1581 1582 1584 1586 1587 1588 1590 1592 1593 1594 1596 1598 1599 1600 1602 1604 1605 1606 1608 1610 1611 1612 1614 1616 1617 1618 1620 1622 1623 1624 1626 1628 1629 1630 1632 1634 1635 1636 1638 1640 1641 1642 1644 1646 1647 1648 1650 1652 1653 1654 1656 1658 1659 1660 1662 1664 1665 1666 1668 1670 1671 1672 1674 1676 1677 1678 1680 1682 1683 1684 1686 1688 1689 1690 1692 1694 1695 1696 1698 1700 1701 1702 1704 1706 1707 1708 1710 1712 1713 1714 1716 1718 1719 1720 1722 1724 1725 1726 1728 1730 1731 1732 1734 1736 1737 1738 1740 1742 1743 1744 1746 1748 1749 1750 1752 1754 1755 1756 1758 1760 1761 1762 1764 1766 1767 1768 1770 1772 1773 1774 1776 1778 1779 1780 1782 1784 1785 1786 1788 1790 1791 1792 1794 1796 1797 1798 1800 1802 1803 1804 1806 1808 1809 1810 1812 1814 1815 1816 1818 1820 1821 1822 1824 1826 1827 1828 1830 1832 1833 1834 1836 1838 1839 1840 1842 1844 1845 1846 1848 1850 1851 1852 1854 1856 1857 1858 1860 1862 1863 1864 1866 1868 1869 1870 1872 1874 1875 1876 1878 1880 1881 1882 1884 1886 1887 1888 1890 1892 1893 1894 1896 1898 1899 1900 1902 1904 1905 1906 1908 1910 1911 1912 1914 1916 1917 1918 1920 1922 1923 1924 1926 1928 1929 1930 1932 1934 1935 1936 1938 1940 1941 1942 1944 1946 1947 1948 1950 1952 1953 1954 1956 1958 1959 1960 1962 1964 1965 1966 1968 1970 1971 1972 1974 1976 1977 1978 1980 1982 1983 1984 1986 1988 1989 1990 1992 1994 1995 1996 1998 2001 2004 2007 2010 2013 2016 2019 2022 2025 2028 2031 2034 2037 2040 2043 2046 2049 2052 2055 2058 2061 2064 2067 2070 2073 2076 2079 2082 2085 2088 2091 2094 2097 2100 2103 2106 2109 2112 2115 2118 2121 2124 2127 2130 2133 2136 2139 2142 2145 2148 2151 2154 2157 2160 2163 2166 2169 2172 2175 2178 2181 2184 2187 2190 2193 2196 2199 2202 2205 2208 2211 2214 2217 2220 2223 2226 2229 2232 2235 2238 2241 2244 2247 2250 2253 2256 2259 2262 2265 2268 2271 2274 2277 2280 2283 2286 2289 2292 2295 2298 2301 2304 2307 2310 2313 2316 2319 2322 2325 2328 2331 2334 2337 2340 2343 2346 2349 2352 2355 2358 2361 2364 2367 2370 2373 2376 2379 2382 2385 2388 2391 2394 2397 2400 2403 2406 2409 2412 2415 2418 2421 2424 2427 2430 2433 2436 2439 2442 2445 2448 2451 2454 2457 2460 2463 2466 2469 2472 2475 2478 2481 2484 2487 2490 2493 2496 2499 2502 2505 2508 2511 2514 2517 2520 2523 2526 2529 2532 2535 2538 2541 2544 2547 2550 2553 2556 2559 2562 2565 2568 2571 2574 2577 2580 2583 2586 2589 2592 2595 2598 2601 2604 2607 2610 2613 2616 2619 2622 2625 2628 2631 2634 2637 2640 2643 2646 2649 2652 2655 2658 2661 2664 2667 2670 2673 2676 2679 2682 2685 2688 2691 2694 2697 2700 2703 2706 2709 2712 2715 2718 2721 2724 2727 2730 2733 2736 2739 2742 2745 2748 2751 2754 2757 2760 2763 2766 2769 2772 2775 2778 2781 2784 2787 2790 2793 2796 2799 2802 2805 2808 2811 2814 2817 2820 2823 2826 2829 2832 2835 2838 2841 2844 2847 2850 2853 2856 2859 2862 2865 2868 2871 2874 2877 2880 2883 2886 2889 2892 2895 2898 2901 2904 2907 2910 2913 2916 2919 2922 2925 2928 2931 2934 2937 2940 2943 2946 2949 2952 2955 2958 2961 2964 2967 2970 2973 2976 2979 2982 2985 2988 2991 2994 1998 2997 
Time: 41 msec.
Memory: 3 MB / 123 MB.

Explanation:	Performed set operations like intersection, union and difference

****************************************************************************************************************
3. Addition Subtraction of larger numbers

compile :	javac LargeIntegers.java
run :		java LargeIntegers

input :		Enter the base
		10
		Enter the first Big Integer- digits separated by spaces
		1 2 3 4
		Enter the Second Big Integer- digits separated by spaces
		1 3 

output :	Addition result
		1 2 4 7
		Subtraction result
		1 2 2 1
		Time: 0 msec.
		Memory: 2 MB / 123 MB.

Explanation:	Given 2 integers and a base, they are stored in linked lists in reverse order
		addition and subtraction are performed, heading 0s are removed from the result 
		the result is stored reversed and returned

****************************************************************************************************************
4. Merge Sort using Singly Linked List

compile :	javac MergeSortSLL.java, javac SinglyLinkedListNoHeader.java
run :		java MergeSortSLL, java SinglyLinkedListNoHeader

note :		Tried this problem but it had a loop

Explanation :	Sort using merge sort in O (log n) extra space for recursion
		Since merging is done by changing the pointers to nodes based on sorting order 
		and we need not use temp spaces

****************************************************************************************************************
5. MultiUnzip of k 

compile :	javac SinglyLinkedList.java
run :		java SinglyLinkedList

input :		1 2 3 4 5 6 7 8 9 10 
		Enter the k value
		3

output : 	After UnZipping
		1 4 7 10 2 5 8 3 6 9 

Explanation :   k constant space bucket for each group of elements and end of each group is linked 
		to the next one. This is performed in O(n) that is 1 traversal of the list  

****************************************************************************************************************
6. Reversing the linked list and printing in reverse

compile :	javac ReverseSLL.java
run :		java ReverseSLL

input : 	Print reverse recursively ::
		10 9 8 7 6 5 4 3 2 1 
		Print reverse iteratively ::
		10 9 8 7 6 5 4 3 2 1 
		Reverse recursively ::
		10 9 8 7 6 5 4 3 2 1 
		Reverse iteratively ::
		1 2 3 4 5 6 7 8 9 10 

Explanation :   Reverse printing and reversing the list iteratively and recursively in O(n) time

****************************************************************************************************************
7. Merge Circular LinkedList

compile : 	javac CircularLinkedListOperations.java, java CircularLinkedList
run :		javac CircularLinkedList, java CircularLinkedList

input :	        Given circular list :: 
		1 2 3 4 5 6 7 8 9 10 
		Second circular list :: 
		11 12 13 14 15

output : 	Cannot merge

input :		Given circular list :: 
		1 2 3 4 5 6 7 8 9 10 
		Second circular list :: 
		1 2 3 4 5 

output :	Final circular list :: 
		1 2 3 4 5 1 2 3 4 5 6 7 8 9 10 

Explanation:    The given circular list is indexed using the hashmap with elements and references 
                the first node of the second circular list is linked to the reference provided by the index
		and the last node is linked with the next node in the first circular list.

